             mean        t+1
0   110202.900000  110202.90 - no
1   110150.370000  110097.84 - k
2   110137.816667  110112.71 - k
3   110032.382500  109716.08 - k
4   109794.986000  108845.40 - k
5   109651.103333  108931.69
6   109564.160000  109042.50
7   109529.198750  109284.47
8   109503.730000  109299.98
9   109495.634000  109422.77
10  109471.668182  109232.01
11  109494.903333  109750.49
12  109491.618462  109452.20
13  109482.080714  109358.09
14  109501.942667  109780.01
15  109529.210000  109938.22
16  109546.831765  109828.78
17  109560.398889  109791.04
18  109567.110000  109687.91
19  109565.478000  109534.47
